{"cells":[{"metadata":{},"cell_type":"markdown","source":"# Python Algorithmic Trading Cookbook"},{"metadata":{},"cell_type":"markdown","source":"## Chapter 1: Handling and Manipulating Date, Time and Time Series Data"},{"metadata":{},"cell_type":"markdown","source":"This Jupyter Notebook is created using Python version 3.8.2"},{"metadata":{},"cell_type":"markdown","source":"----"},{"metadata":{},"cell_type":"markdown","source":"### Requirements"},{"metadata":{},"cell_type":"markdown","source":"You can install the requirements for this Jupyter Notebook by executing the below cell"},{"metadata":{"trusted":true},"cell_type":"code","source":"!pip install pandas","execution_count":2,"outputs":[{"output_type":"stream","text":"Collecting pandas\n  Downloading pandas-2.2.2-cp310-cp310-manylinux_2_17_x86_64.manylinux2014_x86_64.whl.metadata (19 kB)\nCollecting numpy>=1.22.4 (from pandas)\n  Downloading numpy-2.0.1-cp310-cp310-manylinux_2_17_x86_64.manylinux2014_x86_64.whl.metadata (60 kB)\n\u001b[2K     \u001b[90m━━━━━━━━━━━━━━━━━━━━━━━━━━━━━━━━━━━━━━━━\u001b[0m \u001b[32m60.9/60.9 kB\u001b[0m \u001b[31m3.8 MB/s\u001b[0m eta \u001b[36m0:00:00\u001b[0m\n\u001b[?25hRequirement already satisfied: python-dateutil>=2.8.2 in /srv/conda/envs/notebook/lib/python3.10/site-packages (from pandas) (2.9.0)\nRequirement already satisfied: pytz>=2020.1 in /srv/conda/envs/notebook/lib/python3.10/site-packages (from pandas) (2024.1)\nCollecting tzdata>=2022.7 (from pandas)\n  Downloading tzdata-2024.1-py2.py3-none-any.whl.metadata (1.4 kB)\nRequirement already satisfied: six>=1.5 in /srv/conda/envs/notebook/lib/python3.10/site-packages (from python-dateutil>=2.8.2->pandas) (1.16.0)\nDownloading pandas-2.2.2-cp310-cp310-manylinux_2_17_x86_64.manylinux2014_x86_64.whl (13.0 MB)\n\u001b[2K   \u001b[90m━━━━━━━━━━━━━━━━━━━━━━━━━━━━━━━━━━━━━━━━\u001b[0m \u001b[32m13.0/13.0 MB\u001b[0m \u001b[31m32.6 MB/s\u001b[0m eta \u001b[36m0:00:00\u001b[0m00:01\u001b[0m00:01\u001b[0m\n\u001b[?25hDownloading numpy-2.0.1-cp310-cp310-manylinux_2_17_x86_64.manylinux2014_x86_64.whl (19.5 MB)\n\u001b[2K   \u001b[90m━━━━━━━━━━━━━━━━━━━━━━━━━━━━━━━━━━━━━━━━\u001b[0m \u001b[32m19.5/19.5 MB\u001b[0m \u001b[31m30.5 MB/s\u001b[0m eta \u001b[36m0:00:00\u001b[0m00:01\u001b[0m00:01\u001b[0m\n\u001b[?25hDownloading tzdata-2024.1-py2.py3-none-any.whl (345 kB)\n\u001b[2K   \u001b[90m━━━━━━━━━━━━━━━━━━━━━━━━━━━━━━━━━━━━━━━━\u001b[0m \u001b[32m345.4/345.4 kB\u001b[0m \u001b[31m31.8 MB/s\u001b[0m eta \u001b[36m0:00:00\u001b[0m\n\u001b[?25hInstalling collected packages: tzdata, numpy, pandas\nSuccessfully installed numpy-2.0.1 pandas-2.2.2 tzdata-2024.1\n","name":"stdout"}]},{"metadata":{},"cell_type":"markdown","source":"----"},{"metadata":{},"cell_type":"markdown","source":"### Recipe 1:  Creating datetime objects "},{"metadata":{"trusted":true},"cell_type":"code","source":"from datetime import datetime","execution_count":3,"outputs":[]},{"metadata":{"trusted":true},"cell_type":"code","source":"dt1 = datetime.now()\nprint(f'Approach #1: {dt1}')","execution_count":4,"outputs":[{"output_type":"stream","text":"Approach #1: 2024-08-17 14:33:45.506693\n","name":"stdout"}]},{"metadata":{"trusted":true},"cell_type":"code","source":"print(f'Year: {dt1.year}')\nprint(f'Month: {dt1.month}')\nprint(f'Day: {dt1.day}')\nprint(f'Hours: {dt1.hour}')\nprint(f'Minutes: {dt1.minute}')\nprint(f'Seconds: {dt1.second}')\nprint(f'Microseconds: {dt1.microsecond}')\nprint(f'Timezone: {dt1.tzinfo}')","execution_count":5,"outputs":[{"output_type":"stream","text":"Year: 2024\nMonth: 8\nDay: 17\nHours: 14\nMinutes: 33\nSeconds: 45\nMicroseconds: 506693\nTimezone: None\n","name":"stdout"}]},{"metadata":{"trusted":true},"cell_type":"code","source":"dt2 = datetime(year=2024, month=1, day=1)\nprint(f'Approach #2: {dt2}')","execution_count":6,"outputs":[{"output_type":"stream","text":"Approach #2: 2024-01-01 00:00:00\n","name":"stdout"}]},{"metadata":{"trusted":true},"cell_type":"code","source":"print(f'Year: {dt2.year}')\nprint(f'Month: {dt2.month}')\nprint(f'Day: {dt2.day}')\nprint(f'Hours: {dt2.hour}')\nprint(f'Minutes: {dt2.minute}')\nprint(f'Seconds: {dt2.second}')\nprint(f'Microseconds: {dt2.microsecond}')\nprint(f'Timezone: {dt2.tzinfo}')","execution_count":7,"outputs":[{"output_type":"stream","text":"Year: 2024\nMonth: 1\nDay: 1\nHours: 0\nMinutes: 0\nSeconds: 0\nMicroseconds: 0\nTimezone: None\n","name":"stdout"}]},{"metadata":{},"cell_type":"markdown","source":""},{"metadata":{"trusted":true},"cell_type":"code","source":"print(f\"Date: {dt1.date()}\")\nprint(f\"Type: {type(dt1.date())}\")","execution_count":8,"outputs":[{"output_type":"stream","text":"Date: 2024-08-17\nType: <class 'datetime.date'>\n","name":"stdout"}]},{"metadata":{"trusted":true},"cell_type":"code","source":"print(f\"Time: {dt1.time()}\")\nprint(f\"Type: {type(dt1.time())}\")","execution_count":9,"outputs":[{"output_type":"stream","text":"Time: 14:33:45.506693\nType: <class 'datetime.time'>\n","name":"stdout"}]},{"metadata":{"trusted":true},"cell_type":"code","source":"print(f\"Date: {dt2.date()}\")\nprint(f\"Type: {type(dt2.date())}\")","execution_count":10,"outputs":[{"output_type":"stream","text":"Date: 2024-01-01\nType: <class 'datetime.date'>\n","name":"stdout"}]},{"metadata":{"trusted":true},"cell_type":"code","source":"print(f\"Time: {dt2.time()}\")\nprint(f\"Type: {type(dt2.time())}\")","execution_count":11,"outputs":[{"output_type":"stream","text":"Time: 00:00:00\nType: <class 'datetime.time'>\n","name":"stdout"}]},{"metadata":{},"cell_type":"markdown","source":"### Recipe 2: Creating timedetla objects"},{"metadata":{"trusted":true},"cell_type":"code","source":"from datetime import timedelta","execution_count":12,"outputs":[]},{"metadata":{"trusted":true},"cell_type":"code","source":"td1 = timedelta(days=5)\nprint(f'Time difference: {td1}')","execution_count":13,"outputs":[{"output_type":"stream","text":"Time difference: 5 days, 0:00:00\n","name":"stdout"}]},{"metadata":{"trusted":true},"cell_type":"code","source":"td2 = timedelta(days=4)\nprint(f'Time difference: {td2}')","execution_count":14,"outputs":[{"output_type":"stream","text":"Time difference: 4 days, 0:00:00\n","name":"stdout"}]},{"metadata":{"trusted":true},"cell_type":"code","source":"print(f'Addition: {td1} + {td2} = {td1 + td2}')","execution_count":15,"outputs":[{"output_type":"stream","text":"Addition: 5 days, 0:00:00 + 4 days, 0:00:00 = 9 days, 0:00:00\n","name":"stdout"}]},{"metadata":{"trusted":true},"cell_type":"code","source":"print(f'Subtraction: {td1} - {td2} = {td1 - td2}')","execution_count":16,"outputs":[{"output_type":"stream","text":"Subtraction: 5 days, 0:00:00 - 4 days, 0:00:00 = 1 day, 0:00:00\n","name":"stdout"}]},{"metadata":{"trusted":true},"cell_type":"code","source":"print(f'Multiplication: {td1} * 2.5 = {td1 * 2.5}')","execution_count":17,"outputs":[{"output_type":"stream","text":"Multiplication: 5 days, 0:00:00 * 2.5 = 12 days, 12:00:00\n","name":"stdout"}]},{"metadata":{},"cell_type":"markdown","source":""},{"metadata":{"trusted":true},"cell_type":"code","source":"td3 = timedelta(hours=23, minutes=59, seconds=60)\nprint(f'Time difference: {td3}')","execution_count":18,"outputs":[{"output_type":"stream","text":"Time difference: 1 day, 0:00:00\n","name":"stdout"}]},{"metadata":{"trusted":true},"cell_type":"code","source":"print(f'Total seconds in 1 day: {td3.total_seconds()}')","execution_count":19,"outputs":[{"output_type":"stream","text":"Total seconds in 1 day: 86400.0\n","name":"stdout"}]},{"metadata":{},"cell_type":"markdown","source":"### Recipe 3: Operations on datetime objects"},{"metadata":{"trusted":true},"cell_type":"code","source":"from datetime import date, datetime, timedelta","execution_count":20,"outputs":[]},{"metadata":{"trusted":true},"cell_type":"code","source":"date_today = date.today()\nprint(f\"Today's Date: {date_today}\")","execution_count":21,"outputs":[{"output_type":"stream","text":"Today's Date: 2024-08-17\n","name":"stdout"}]},{"metadata":{"trusted":true},"cell_type":"code","source":"date_5days_later = date_today + timedelta(days=5)\nprint(f\"Date 5 days later: {date_5days_later}\")","execution_count":22,"outputs":[{"output_type":"stream","text":"Date 5 days later: 2024-08-22\n","name":"stdout"}]},{"metadata":{"trusted":true},"cell_type":"code","source":"date_5days_ago = date_today - timedelta(days=5)\nprint(f\"Date 5 days ago: {date_5days_ago}\")","execution_count":23,"outputs":[{"output_type":"stream","text":"Date 5 days ago: 2024-08-12\n","name":"stdout"}]},{"metadata":{"trusted":true},"cell_type":"code","source":"date_5days_later > date_5days_ago","execution_count":24,"outputs":[{"output_type":"execute_result","execution_count":24,"data":{"text/plain":"True"},"metadata":{}}]},{"metadata":{"trusted":true},"cell_type":"code","source":"date_5days_later < date_5days_ago","execution_count":25,"outputs":[{"output_type":"execute_result","execution_count":25,"data":{"text/plain":"False"},"metadata":{}}]},{"metadata":{"trusted":true},"cell_type":"code","source":"date_5days_later > date_today > date_5days_ago","execution_count":26,"outputs":[{"output_type":"execute_result","execution_count":26,"data":{"text/plain":"True"},"metadata":{}}]},{"metadata":{"trusted":true},"cell_type":"code","source":"current_timestamp = datetime.now()","execution_count":27,"outputs":[]},{"metadata":{"trusted":true},"cell_type":"code","source":"time_now = current_timestamp.time()\nprint(f\"Time now: {time_now}\")","execution_count":28,"outputs":[{"output_type":"stream","text":"Time now: 14:35:19.892007\n","name":"stdout"}]},{"metadata":{"trusted":true},"cell_type":"code","source":"time_5minutes_later = (current_timestamp + timedelta(minutes=5)).time()              # Note: operations are not allowed on time objects, so have to perform on datetime objects and then extract the time\nprint(f\"Time 5 minutes later: {time_5minutes_later}\")","execution_count":29,"outputs":[{"output_type":"stream","text":"Time 5 minutes later: 14:40:19.892007\n","name":"stdout"}]},{"metadata":{"trusted":true},"cell_type":"code","source":"time_5minutes_ago = (current_timestamp - timedelta(minutes=5)).time()              # Note: operations are not allowed on time objects, so have to perform on datetime objects and then extract the time\nprint(f\"Time 5 minutes ago: {time_5minutes_ago}\")","execution_count":30,"outputs":[{"output_type":"stream","text":"Time 5 minutes ago: 14:30:19.892007\n","name":"stdout"}]},{"metadata":{"trusted":true},"cell_type":"code","source":"time_5minutes_later < time_5minutes_ago","execution_count":31,"outputs":[{"output_type":"execute_result","execution_count":31,"data":{"text/plain":"False"},"metadata":{}}]},{"metadata":{"trusted":true},"cell_type":"code","source":"time_5minutes_later > time_5minutes_ago","execution_count":32,"outputs":[{"output_type":"execute_result","execution_count":32,"data":{"text/plain":"True"},"metadata":{}}]},{"metadata":{"trusted":true},"cell_type":"code","source":"time_5minutes_later > time_now > time_5minutes_ago","execution_count":33,"outputs":[{"output_type":"execute_result","execution_count":33,"data":{"text/plain":"True"},"metadata":{}}]},{"metadata":{},"cell_type":"markdown","source":"### Recipe 4: Modifying datetime objects"},{"metadata":{"trusted":true},"cell_type":"code","source":"from datetime import datetime","execution_count":34,"outputs":[]},{"metadata":{"trusted":true},"cell_type":"code","source":"dt1 = datetime.now()\nprint(dt1)","execution_count":35,"outputs":[{"output_type":"stream","text":"2024-08-17 14:35:44.751549\n","name":"stdout"}]},{"metadata":{"trusted":true},"cell_type":"code","source":"dt2 = dt1.replace(year=2021, month=1, day=1)\nprint(f'A timestamp from 1st January 2021: {dt2}')","execution_count":36,"outputs":[{"output_type":"stream","text":"A timestamp from 1st January 2021: 2021-01-01 14:35:44.751549\n","name":"stdout"}]},{"metadata":{"trusted":true},"cell_type":"code","source":"dt3 = datetime(year=2024, \n               month=1, \n               day=1, \n               hour=dt1.hour, \n               minute=dt1.minute, \n               second=dt1.second, \n               microsecond=dt1.microsecond, \n               tzinfo=dt1.tzinfo)\nprint(f'A timestamp from 1st January 2024: {dt3}')","execution_count":39,"outputs":[{"output_type":"stream","text":"A timestamp from 1st January 2024: 2024-01-01 14:35:44.751549\n","name":"stdout"}]},{"metadata":{"trusted":true},"cell_type":"code","source":"dt2 == dt3","execution_count":40,"outputs":[{"output_type":"execute_result","execution_count":40,"data":{"text/plain":"False"},"metadata":{}}]},{"metadata":{},"cell_type":"markdown","source":"### Recipe 5: Converting a datetime object to a string"},{"metadata":{"trusted":true},"cell_type":"code","source":"from datetime import datetime","execution_count":41,"outputs":[]},{"metadata":{"trusted":true},"cell_type":"code","source":"now = datetime.now().astimezone()","execution_count":42,"outputs":[]},{"metadata":{"trusted":true},"cell_type":"code","source":"print(str(now))","execution_count":43,"outputs":[{"output_type":"stream","text":"2024-08-17 14:36:24.426196+00:00\n","name":"stdout"}]},{"metadata":{"trusted":true},"cell_type":"code","source":"print(now.strftime(\"%d-%m-%Y %H:%M:%S %z\"))","execution_count":44,"outputs":[{"output_type":"stream","text":"17-08-2024 14:36:24 +0000\n","name":"stdout"}]},{"metadata":{},"cell_type":"markdown","source":"### Recipe 6: Creating a datetime object from a string"},{"metadata":{"trusted":true},"cell_type":"code","source":"from datetime import datetime","execution_count":45,"outputs":[]},{"metadata":{"trusted":true},"cell_type":"code","source":"now_str = '13-1-2024 15:53:39 +05:30'","execution_count":46,"outputs":[]},{"metadata":{"trusted":true},"cell_type":"code","source":"now = datetime.strptime(now_str, \"%d-%m-%Y %H:%M:%S %z\")\nprint(now)","execution_count":47,"outputs":[{"output_type":"stream","text":"2024-01-13 15:53:39+05:30\n","name":"stdout"}]},{"metadata":{"trusted":true},"cell_type":"code","source":"print(type(now))","execution_count":48,"outputs":[{"output_type":"stream","text":"<class 'datetime.datetime'>\n","name":"stdout"}]},{"metadata":{},"cell_type":"markdown","source":"### There's more..."},{"metadata":{"trusted":true},"cell_type":"code","source":"now = datetime.strptime(now_str, \"%d-%m-%Y\")\n# Note: It's expected to get an error below","execution_count":49,"outputs":[{"output_type":"error","ename":"ValueError","evalue":"unconverted data remains:  15:53:39 +05:30","traceback":["\u001b[0;31m---------------------------------------------------------------------------\u001b[0m","\u001b[0;31mValueError\u001b[0m                                Traceback (most recent call last)","Cell \u001b[0;32mIn[49], line 1\u001b[0m\n\u001b[0;32m----> 1\u001b[0m now \u001b[38;5;241m=\u001b[39m \u001b[43mdatetime\u001b[49m\u001b[38;5;241;43m.\u001b[39;49m\u001b[43mstrptime\u001b[49m\u001b[43m(\u001b[49m\u001b[43mnow_str\u001b[49m\u001b[43m,\u001b[49m\u001b[43m \u001b[49m\u001b[38;5;124;43m\"\u001b[39;49m\u001b[38;5;132;43;01m%d\u001b[39;49;00m\u001b[38;5;124;43m-\u001b[39;49m\u001b[38;5;124;43m%\u001b[39;49m\u001b[38;5;124;43mm-\u001b[39;49m\u001b[38;5;124;43m%\u001b[39;49m\u001b[38;5;124;43mY\u001b[39;49m\u001b[38;5;124;43m\"\u001b[39;49m\u001b[43m)\u001b[49m\n\u001b[1;32m      2\u001b[0m \u001b[38;5;66;03m# Note: It's expected to get an error below\u001b[39;00m\n","File \u001b[0;32m/srv/conda/envs/notebook/lib/python3.10/_strptime.py:568\u001b[0m, in \u001b[0;36m_strptime_datetime\u001b[0;34m(cls, data_string, format)\u001b[0m\n\u001b[1;32m    565\u001b[0m \u001b[38;5;28;01mdef\u001b[39;00m \u001b[38;5;21m_strptime_datetime\u001b[39m(\u001b[38;5;28mcls\u001b[39m, data_string, \u001b[38;5;28mformat\u001b[39m\u001b[38;5;241m=\u001b[39m\u001b[38;5;124m\"\u001b[39m\u001b[38;5;132;01m%a\u001b[39;00m\u001b[38;5;124m \u001b[39m\u001b[38;5;124m%\u001b[39m\u001b[38;5;124mb \u001b[39m\u001b[38;5;132;01m%d\u001b[39;00m\u001b[38;5;124m \u001b[39m\u001b[38;5;124m%\u001b[39m\u001b[38;5;124mH:\u001b[39m\u001b[38;5;124m%\u001b[39m\u001b[38;5;124mM:\u001b[39m\u001b[38;5;124m%\u001b[39m\u001b[38;5;124mS \u001b[39m\u001b[38;5;124m%\u001b[39m\u001b[38;5;124mY\u001b[39m\u001b[38;5;124m\"\u001b[39m):\n\u001b[1;32m    566\u001b[0m \u001b[38;5;250m    \u001b[39m\u001b[38;5;124;03m\"\"\"Return a class cls instance based on the input string and the\u001b[39;00m\n\u001b[1;32m    567\u001b[0m \u001b[38;5;124;03m    format string.\"\"\"\u001b[39;00m\n\u001b[0;32m--> 568\u001b[0m     tt, fraction, gmtoff_fraction \u001b[38;5;241m=\u001b[39m \u001b[43m_strptime\u001b[49m\u001b[43m(\u001b[49m\u001b[43mdata_string\u001b[49m\u001b[43m,\u001b[49m\u001b[43m \u001b[49m\u001b[38;5;28;43mformat\u001b[39;49m\u001b[43m)\u001b[49m\n\u001b[1;32m    569\u001b[0m     tzname, gmtoff \u001b[38;5;241m=\u001b[39m tt[\u001b[38;5;241m-\u001b[39m\u001b[38;5;241m2\u001b[39m:]\n\u001b[1;32m    570\u001b[0m     args \u001b[38;5;241m=\u001b[39m tt[:\u001b[38;5;241m6\u001b[39m] \u001b[38;5;241m+\u001b[39m (fraction,)\n","File \u001b[0;32m/srv/conda/envs/notebook/lib/python3.10/_strptime.py:352\u001b[0m, in \u001b[0;36m_strptime\u001b[0;34m(data_string, format)\u001b[0m\n\u001b[1;32m    349\u001b[0m     \u001b[38;5;28;01mraise\u001b[39;00m \u001b[38;5;167;01mValueError\u001b[39;00m(\u001b[38;5;124m\"\u001b[39m\u001b[38;5;124mtime data \u001b[39m\u001b[38;5;132;01m%r\u001b[39;00m\u001b[38;5;124m does not match format \u001b[39m\u001b[38;5;132;01m%r\u001b[39;00m\u001b[38;5;124m\"\u001b[39m \u001b[38;5;241m%\u001b[39m\n\u001b[1;32m    350\u001b[0m                      (data_string, \u001b[38;5;28mformat\u001b[39m))\n\u001b[1;32m    351\u001b[0m \u001b[38;5;28;01mif\u001b[39;00m \u001b[38;5;28mlen\u001b[39m(data_string) \u001b[38;5;241m!=\u001b[39m found\u001b[38;5;241m.\u001b[39mend():\n\u001b[0;32m--> 352\u001b[0m     \u001b[38;5;28;01mraise\u001b[39;00m \u001b[38;5;167;01mValueError\u001b[39;00m(\u001b[38;5;124m\"\u001b[39m\u001b[38;5;124munconverted data remains: \u001b[39m\u001b[38;5;132;01m%s\u001b[39;00m\u001b[38;5;124m\"\u001b[39m \u001b[38;5;241m%\u001b[39m\n\u001b[1;32m    353\u001b[0m                       data_string[found\u001b[38;5;241m.\u001b[39mend():])\n\u001b[1;32m    355\u001b[0m iso_year \u001b[38;5;241m=\u001b[39m year \u001b[38;5;241m=\u001b[39m \u001b[38;5;28;01mNone\u001b[39;00m\n\u001b[1;32m    356\u001b[0m month \u001b[38;5;241m=\u001b[39m day \u001b[38;5;241m=\u001b[39m \u001b[38;5;241m1\u001b[39m\n","\u001b[0;31mValueError\u001b[0m: unconverted data remains:  15:53:39 +05:30"]}]},{"metadata":{},"cell_type":"markdown","source":"### Recipe 7: The datetime object and time zones"},{"metadata":{"trusted":true},"cell_type":"code","source":"from datetime import datetime","execution_count":50,"outputs":[]},{"metadata":{"trusted":true},"cell_type":"code","source":"now_tz_naive = datetime.now()                   # Timezone naive datetime object\nprint(now_tz_naive)","execution_count":51,"outputs":[{"output_type":"stream","text":"2024-08-17 14:37:11.236870\n","name":"stdout"}]},{"metadata":{"trusted":true},"cell_type":"code","source":"print(now_tz_naive.tzinfo)","execution_count":52,"outputs":[{"output_type":"stream","text":"None\n","name":"stdout"}]},{"metadata":{"trusted":true},"cell_type":"code","source":"now_tz_aware = datetime.now().astimezone()      # Timezone aware datetime object\nprint(now_tz_aware)","execution_count":53,"outputs":[{"output_type":"stream","text":"2024-08-17 14:37:17.343307+00:00\n","name":"stdout"}]},{"metadata":{"trusted":true},"cell_type":"code","source":"print(now_tz_aware.tzinfo)","execution_count":54,"outputs":[{"output_type":"stream","text":"UTC\n","name":"stdout"}]},{"metadata":{"trusted":true},"cell_type":"code","source":"new_tz_aware = now_tz_naive.replace(tzinfo=now_tz_aware.tzinfo)\nprint(new_tz_aware)","execution_count":55,"outputs":[{"output_type":"stream","text":"2024-08-17 14:37:11.236870+00:00\n","name":"stdout"}]},{"metadata":{"trusted":true},"cell_type":"code","source":"print(new_tz_aware.tzinfo)","execution_count":56,"outputs":[{"output_type":"stream","text":"UTC\n","name":"stdout"}]},{"metadata":{"trusted":true},"cell_type":"code","source":"new_tz_naive = new_tz_aware.replace(tzinfo=None)\nprint(new_tz_naive)","execution_count":57,"outputs":[{"output_type":"stream","text":"2024-08-17 14:37:11.236870\n","name":"stdout"}]},{"metadata":{"trusted":true},"cell_type":"code","source":"print(new_tz_naive.tzinfo)","execution_count":58,"outputs":[{"output_type":"stream","text":"None\n","name":"stdout"}]},{"metadata":{},"cell_type":"markdown","source":""},{"metadata":{"trusted":true},"cell_type":"code","source":"new_tz_naive <= now_tz_naive","execution_count":59,"outputs":[{"output_type":"execute_result","execution_count":59,"data":{"text/plain":"True"},"metadata":{}}]},{"metadata":{"trusted":true},"cell_type":"code","source":"new_tz_aware <= now_tz_aware","execution_count":60,"outputs":[{"output_type":"execute_result","execution_count":60,"data":{"text/plain":"True"},"metadata":{}}]},{"metadata":{"trusted":true},"cell_type":"code","source":"new_tz_aware <= now_tz_naive\n# Note: It's expected to get an error below","execution_count":61,"outputs":[{"output_type":"error","ename":"TypeError","evalue":"can't compare offset-naive and offset-aware datetimes","traceback":["\u001b[0;31m---------------------------------------------------------------------------\u001b[0m","\u001b[0;31mTypeError\u001b[0m                                 Traceback (most recent call last)","Cell \u001b[0;32mIn[61], line 1\u001b[0m\n\u001b[0;32m----> 1\u001b[0m \u001b[43mnew_tz_aware\u001b[49m\u001b[43m \u001b[49m\u001b[38;5;241;43m<\u001b[39;49m\u001b[38;5;241;43m=\u001b[39;49m\u001b[43m \u001b[49m\u001b[43mnow_tz_naive\u001b[49m\n\u001b[1;32m      2\u001b[0m \u001b[38;5;66;03m# Note: It's expected to get an error below\u001b[39;00m\n","\u001b[0;31mTypeError\u001b[0m: can't compare offset-naive and offset-aware datetimes"]}]},{"metadata":{},"cell_type":"markdown","source":"### Recipe 8: Creating a Pandas.Dataframe object"},{"metadata":{"trusted":true},"cell_type":"code","source":"from datetime import datetime\nimport pandas","execution_count":62,"outputs":[]},{"metadata":{"trusted":true},"cell_type":"code","source":"time_series_data = [\n    {'date': datetime(2023, 11, 13, 9, 0),\n     'open': 71.8075,\n     'high': 71.845,\n     'low': 71.7775,\n     'close': 71.7925,\n     'volume': 219512},\n    {'date': datetime(2023, 11, 13, 9, 15),\n     'open': 71.7925,\n     'high': 71.8,\n     'low': 71.78,\n     'close': 71.7925,\n     'volume': 59252},\n    {'date': datetime(2023, 11, 13, 9, 30),\n     'open': 71.7925,\n     'high': 71.8125,\n     'low': 71.76,\n     'close': 71.7625,\n     'volume': 57187},\n    {'date': datetime(2023, 11, 13, 9, 45),\n     'open': 71.76,\n     'high': 71.765,\n     'low': 71.735,\n     'close': 71.7425,\n     'volume': 43048},\n    {'date': datetime(2023, 11, 13, 10, 0),\n     'open': 71.7425,\n     'high': 71.78,\n     'low': 71.7425,\n     'close': 71.7775,\n     'volume': 45863},\n    {'date': datetime(2023, 11, 13, 10, 15),\n     'open': 71.775,\n     'high': 71.8225,\n     'low': 71.77,\n     'close': 71.815,\n     'volume': 42460},\n    {'date': datetime(2023, 11, 13, 10, 30),\n     'open': 71.815,\n     'high': 71.83,\n     'low': 71.7775,\n     'close': 71.78,\n     'volume': 62403},\n    {'date': datetime(2023, 11, 13, 10, 45),\n     'open': 71.775,\n     'high': 71.7875,\n     'low': 71.7475,\n     'close': 71.7525,\n     'volume': 34090},\n    {'date': datetime(2023, 11, 13, 11, 0),\n     'open': 71.7525,\n     'high': 71.7825,\n     'low': 71.7475,\n     'close': 71.7625,\n     'volume': 39320},\n    {'date': datetime(2023, 11, 13, 11, 15),\n     'open': 71.7625,\n     'high': 71.7925,\n     'low': 71.76,\n     'close': 71.7875,\n     'volume': 20190}\n]","execution_count":63,"outputs":[]},{"metadata":{"trusted":true},"cell_type":"code","source":"df = pandas.DataFrame(time_series_data)\ndf","execution_count":64,"outputs":[{"output_type":"execute_result","execution_count":64,"data":{"text/plain":"                 date     open     high      low    close  volume\n0 2023-11-13 09:00:00  71.8075  71.8450  71.7775  71.7925  219512\n1 2023-11-13 09:15:00  71.7925  71.8000  71.7800  71.7925   59252\n2 2023-11-13 09:30:00  71.7925  71.8125  71.7600  71.7625   57187\n3 2023-11-13 09:45:00  71.7600  71.7650  71.7350  71.7425   43048\n4 2023-11-13 10:00:00  71.7425  71.7800  71.7425  71.7775   45863\n5 2023-11-13 10:15:00  71.7750  71.8225  71.7700  71.8150   42460\n6 2023-11-13 10:30:00  71.8150  71.8300  71.7775  71.7800   62403\n7 2023-11-13 10:45:00  71.7750  71.7875  71.7475  71.7525   34090\n8 2023-11-13 11:00:00  71.7525  71.7825  71.7475  71.7625   39320\n9 2023-11-13 11:15:00  71.7625  71.7925  71.7600  71.7875   20190","text/html":"<div>\n<style scoped>\n    .dataframe tbody tr th:only-of-type {\n        vertical-align: middle;\n    }\n\n    .dataframe tbody tr th {\n        vertical-align: top;\n    }\n\n    .dataframe thead th {\n        text-align: right;\n    }\n</style>\n<table border=\"1\" class=\"dataframe\">\n  <thead>\n    <tr style=\"text-align: right;\">\n      <th></th>\n      <th>date</th>\n      <th>open</th>\n      <th>high</th>\n      <th>low</th>\n      <th>close</th>\n      <th>volume</th>\n    </tr>\n  </thead>\n  <tbody>\n    <tr>\n      <th>0</th>\n      <td>2023-11-13 09:00:00</td>\n      <td>71.8075</td>\n      <td>71.8450</td>\n      <td>71.7775</td>\n      <td>71.7925</td>\n      <td>219512</td>\n    </tr>\n    <tr>\n      <th>1</th>\n      <td>2023-11-13 09:15:00</td>\n      <td>71.7925</td>\n      <td>71.8000</td>\n      <td>71.7800</td>\n      <td>71.7925</td>\n      <td>59252</td>\n    </tr>\n    <tr>\n      <th>2</th>\n      <td>2023-11-13 09:30:00</td>\n      <td>71.7925</td>\n      <td>71.8125</td>\n      <td>71.7600</td>\n      <td>71.7625</td>\n      <td>57187</td>\n    </tr>\n    <tr>\n      <th>3</th>\n      <td>2023-11-13 09:45:00</td>\n      <td>71.7600</td>\n      <td>71.7650</td>\n      <td>71.7350</td>\n      <td>71.7425</td>\n      <td>43048</td>\n    </tr>\n    <tr>\n      <th>4</th>\n      <td>2023-11-13 10:00:00</td>\n      <td>71.7425</td>\n      <td>71.7800</td>\n      <td>71.7425</td>\n      <td>71.7775</td>\n      <td>45863</td>\n    </tr>\n    <tr>\n      <th>5</th>\n      <td>2023-11-13 10:15:00</td>\n      <td>71.7750</td>\n      <td>71.8225</td>\n      <td>71.7700</td>\n      <td>71.8150</td>\n      <td>42460</td>\n    </tr>\n    <tr>\n      <th>6</th>\n      <td>2023-11-13 10:30:00</td>\n      <td>71.8150</td>\n      <td>71.8300</td>\n      <td>71.7775</td>\n      <td>71.7800</td>\n      <td>62403</td>\n    </tr>\n    <tr>\n      <th>7</th>\n      <td>2023-11-13 10:45:00</td>\n      <td>71.7750</td>\n      <td>71.7875</td>\n      <td>71.7475</td>\n      <td>71.7525</td>\n      <td>34090</td>\n    </tr>\n    <tr>\n      <th>8</th>\n      <td>2023-11-13 11:00:00</td>\n      <td>71.7525</td>\n      <td>71.7825</td>\n      <td>71.7475</td>\n      <td>71.7625</td>\n      <td>39320</td>\n    </tr>\n    <tr>\n      <th>9</th>\n      <td>2023-11-13 11:15:00</td>\n      <td>71.7625</td>\n      <td>71.7925</td>\n      <td>71.7600</td>\n      <td>71.7875</td>\n      <td>20190</td>\n    </tr>\n  </tbody>\n</table>\n</div>"},"metadata":{}}]},{"metadata":{"trusted":true},"cell_type":"code","source":"df.columns.tolist()","execution_count":65,"outputs":[{"output_type":"execute_result","execution_count":65,"data":{"text/plain":"['date', 'open', 'high', 'low', 'close', 'volume']"},"metadata":{}}]},{"metadata":{"trusted":true},"cell_type":"code","source":"pandas.DataFrame(time_series_data, \n    columns=['close', 'date', 'open', 'high', 'low', 'volume'])","execution_count":66,"outputs":[{"output_type":"execute_result","execution_count":66,"data":{"text/plain":"     close                date     open     high      low  volume\n0  71.7925 2023-11-13 09:00:00  71.8075  71.8450  71.7775  219512\n1  71.7925 2023-11-13 09:15:00  71.7925  71.8000  71.7800   59252\n2  71.7625 2023-11-13 09:30:00  71.7925  71.8125  71.7600   57187\n3  71.7425 2023-11-13 09:45:00  71.7600  71.7650  71.7350   43048\n4  71.7775 2023-11-13 10:00:00  71.7425  71.7800  71.7425   45863\n5  71.8150 2023-11-13 10:15:00  71.7750  71.8225  71.7700   42460\n6  71.7800 2023-11-13 10:30:00  71.8150  71.8300  71.7775   62403\n7  71.7525 2023-11-13 10:45:00  71.7750  71.7875  71.7475   34090\n8  71.7625 2023-11-13 11:00:00  71.7525  71.7825  71.7475   39320\n9  71.7875 2023-11-13 11:15:00  71.7625  71.7925  71.7600   20190","text/html":"<div>\n<style scoped>\n    .dataframe tbody tr th:only-of-type {\n        vertical-align: middle;\n    }\n\n    .dataframe tbody tr th {\n        vertical-align: top;\n    }\n\n    .dataframe thead th {\n        text-align: right;\n    }\n</style>\n<table border=\"1\" class=\"dataframe\">\n  <thead>\n    <tr style=\"text-align: right;\">\n      <th></th>\n      <th>close</th>\n      <th>date</th>\n      <th>open</th>\n      <th>high</th>\n      <th>low</th>\n      <th>volume</th>\n    </tr>\n  </thead>\n  <tbody>\n    <tr>\n      <th>0</th>\n      <td>71.7925</td>\n      <td>2023-11-13 09:00:00</td>\n      <td>71.8075</td>\n      <td>71.8450</td>\n      <td>71.7775</td>\n      <td>219512</td>\n    </tr>\n    <tr>\n      <th>1</th>\n      <td>71.7925</td>\n      <td>2023-11-13 09:15:00</td>\n      <td>71.7925</td>\n      <td>71.8000</td>\n      <td>71.7800</td>\n      <td>59252</td>\n    </tr>\n    <tr>\n      <th>2</th>\n      <td>71.7625</td>\n      <td>2023-11-13 09:30:00</td>\n      <td>71.7925</td>\n      <td>71.8125</td>\n      <td>71.7600</td>\n      <td>57187</td>\n    </tr>\n    <tr>\n      <th>3</th>\n      <td>71.7425</td>\n      <td>2023-11-13 09:45:00</td>\n      <td>71.7600</td>\n      <td>71.7650</td>\n      <td>71.7350</td>\n      <td>43048</td>\n    </tr>\n    <tr>\n      <th>4</th>\n      <td>71.7775</td>\n      <td>2023-11-13 10:00:00</td>\n      <td>71.7425</td>\n      <td>71.7800</td>\n      <td>71.7425</td>\n      <td>45863</td>\n    </tr>\n    <tr>\n      <th>5</th>\n      <td>71.8150</td>\n      <td>2023-11-13 10:15:00</td>\n      <td>71.7750</td>\n      <td>71.8225</td>\n      <td>71.7700</td>\n      <td>42460</td>\n    </tr>\n    <tr>\n      <th>6</th>\n      <td>71.7800</td>\n      <td>2023-11-13 10:30:00</td>\n      <td>71.8150</td>\n      <td>71.8300</td>\n      <td>71.7775</td>\n      <td>62403</td>\n    </tr>\n    <tr>\n      <th>7</th>\n      <td>71.7525</td>\n      <td>2023-11-13 10:45:00</td>\n      <td>71.7750</td>\n      <td>71.7875</td>\n      <td>71.7475</td>\n      <td>34090</td>\n    </tr>\n    <tr>\n      <th>8</th>\n      <td>71.7625</td>\n      <td>2023-11-13 11:00:00</td>\n      <td>71.7525</td>\n      <td>71.7825</td>\n      <td>71.7475</td>\n      <td>39320</td>\n    </tr>\n    <tr>\n      <th>9</th>\n      <td>71.7875</td>\n      <td>2023-11-13 11:15:00</td>\n      <td>71.7625</td>\n      <td>71.7925</td>\n      <td>71.7600</td>\n      <td>20190</td>\n    </tr>\n  </tbody>\n</table>\n</div>"},"metadata":{}}]},{"metadata":{},"cell_type":"markdown","source":""},{"metadata":{"trusted":true},"cell_type":"code","source":"pandas.DataFrame(time_series_data, index=range(10, 20))","execution_count":67,"outputs":[{"output_type":"execute_result","execution_count":67,"data":{"text/plain":"                  date     open     high      low    close  volume\n10 2023-11-13 09:00:00  71.8075  71.8450  71.7775  71.7925  219512\n11 2023-11-13 09:15:00  71.7925  71.8000  71.7800  71.7925   59252\n12 2023-11-13 09:30:00  71.7925  71.8125  71.7600  71.7625   57187\n13 2023-11-13 09:45:00  71.7600  71.7650  71.7350  71.7425   43048\n14 2023-11-13 10:00:00  71.7425  71.7800  71.7425  71.7775   45863\n15 2023-11-13 10:15:00  71.7750  71.8225  71.7700  71.8150   42460\n16 2023-11-13 10:30:00  71.8150  71.8300  71.7775  71.7800   62403\n17 2023-11-13 10:45:00  71.7750  71.7875  71.7475  71.7525   34090\n18 2023-11-13 11:00:00  71.7525  71.7825  71.7475  71.7625   39320\n19 2023-11-13 11:15:00  71.7625  71.7925  71.7600  71.7875   20190","text/html":"<div>\n<style scoped>\n    .dataframe tbody tr th:only-of-type {\n        vertical-align: middle;\n    }\n\n    .dataframe tbody tr th {\n        vertical-align: top;\n    }\n\n    .dataframe thead th {\n        text-align: right;\n    }\n</style>\n<table border=\"1\" class=\"dataframe\">\n  <thead>\n    <tr style=\"text-align: right;\">\n      <th></th>\n      <th>date</th>\n      <th>open</th>\n      <th>high</th>\n      <th>low</th>\n      <th>close</th>\n      <th>volume</th>\n    </tr>\n  </thead>\n  <tbody>\n    <tr>\n      <th>10</th>\n      <td>2023-11-13 09:00:00</td>\n      <td>71.8075</td>\n      <td>71.8450</td>\n      <td>71.7775</td>\n      <td>71.7925</td>\n      <td>219512</td>\n    </tr>\n    <tr>\n      <th>11</th>\n      <td>2023-11-13 09:15:00</td>\n      <td>71.7925</td>\n      <td>71.8000</td>\n      <td>71.7800</td>\n      <td>71.7925</td>\n      <td>59252</td>\n    </tr>\n    <tr>\n      <th>12</th>\n      <td>2023-11-13 09:30:00</td>\n      <td>71.7925</td>\n      <td>71.8125</td>\n      <td>71.7600</td>\n      <td>71.7625</td>\n      <td>57187</td>\n    </tr>\n    <tr>\n      <th>13</th>\n      <td>2023-11-13 09:45:00</td>\n      <td>71.7600</td>\n      <td>71.7650</td>\n      <td>71.7350</td>\n      <td>71.7425</td>\n      <td>43048</td>\n    </tr>\n    <tr>\n      <th>14</th>\n      <td>2023-11-13 10:00:00</td>\n      <td>71.7425</td>\n      <td>71.7800</td>\n      <td>71.7425</td>\n      <td>71.7775</td>\n      <td>45863</td>\n    </tr>\n    <tr>\n      <th>15</th>\n      <td>2023-11-13 10:15:00</td>\n      <td>71.7750</td>\n      <td>71.8225</td>\n      <td>71.7700</td>\n      <td>71.8150</td>\n      <td>42460</td>\n    </tr>\n    <tr>\n      <th>16</th>\n      <td>2023-11-13 10:30:00</td>\n      <td>71.8150</td>\n      <td>71.8300</td>\n      <td>71.7775</td>\n      <td>71.7800</td>\n      <td>62403</td>\n    </tr>\n    <tr>\n      <th>17</th>\n      <td>2023-11-13 10:45:00</td>\n      <td>71.7750</td>\n      <td>71.7875</td>\n      <td>71.7475</td>\n      <td>71.7525</td>\n      <td>34090</td>\n    </tr>\n    <tr>\n      <th>18</th>\n      <td>2023-11-13 11:00:00</td>\n      <td>71.7525</td>\n      <td>71.7825</td>\n      <td>71.7475</td>\n      <td>71.7625</td>\n      <td>39320</td>\n    </tr>\n    <tr>\n      <th>19</th>\n      <td>2023-11-13 11:15:00</td>\n      <td>71.7625</td>\n      <td>71.7925</td>\n      <td>71.7600</td>\n      <td>71.7875</td>\n      <td>20190</td>\n    </tr>\n  </tbody>\n</table>\n</div>"},"metadata":{}}]},{"metadata":{},"cell_type":"markdown","source":"### Recipes 9: Dataframe manipulation: renaming, rearranging, reversing, and slicing"},{"metadata":{"trusted":true},"cell_type":"code","source":"df.rename(columns={'date':'timestamp'}, inplace=True)\ndf","execution_count":68,"outputs":[{"output_type":"execute_result","execution_count":68,"data":{"text/plain":"            timestamp     open     high      low    close  volume\n0 2023-11-13 09:00:00  71.8075  71.8450  71.7775  71.7925  219512\n1 2023-11-13 09:15:00  71.7925  71.8000  71.7800  71.7925   59252\n2 2023-11-13 09:30:00  71.7925  71.8125  71.7600  71.7625   57187\n3 2023-11-13 09:45:00  71.7600  71.7650  71.7350  71.7425   43048\n4 2023-11-13 10:00:00  71.7425  71.7800  71.7425  71.7775   45863\n5 2023-11-13 10:15:00  71.7750  71.8225  71.7700  71.8150   42460\n6 2023-11-13 10:30:00  71.8150  71.8300  71.7775  71.7800   62403\n7 2023-11-13 10:45:00  71.7750  71.7875  71.7475  71.7525   34090\n8 2023-11-13 11:00:00  71.7525  71.7825  71.7475  71.7625   39320\n9 2023-11-13 11:15:00  71.7625  71.7925  71.7600  71.7875   20190","text/html":"<div>\n<style scoped>\n    .dataframe tbody tr th:only-of-type {\n        vertical-align: middle;\n    }\n\n    .dataframe tbody tr th {\n        vertical-align: top;\n    }\n\n    .dataframe thead th {\n        text-align: right;\n    }\n</style>\n<table border=\"1\" class=\"dataframe\">\n  <thead>\n    <tr style=\"text-align: right;\">\n      <th></th>\n      <th>timestamp</th>\n      <th>open</th>\n      <th>high</th>\n      <th>low</th>\n      <th>close</th>\n      <th>volume</th>\n    </tr>\n  </thead>\n  <tbody>\n    <tr>\n      <th>0</th>\n      <td>2023-11-13 09:00:00</td>\n      <td>71.8075</td>\n      <td>71.8450</td>\n      <td>71.7775</td>\n      <td>71.7925</td>\n      <td>219512</td>\n    </tr>\n    <tr>\n      <th>1</th>\n      <td>2023-11-13 09:15:00</td>\n      <td>71.7925</td>\n      <td>71.8000</td>\n      <td>71.7800</td>\n      <td>71.7925</td>\n      <td>59252</td>\n    </tr>\n    <tr>\n      <th>2</th>\n      <td>2023-11-13 09:30:00</td>\n      <td>71.7925</td>\n      <td>71.8125</td>\n      <td>71.7600</td>\n      <td>71.7625</td>\n      <td>57187</td>\n    </tr>\n    <tr>\n      <th>3</th>\n      <td>2023-11-13 09:45:00</td>\n      <td>71.7600</td>\n      <td>71.7650</td>\n      <td>71.7350</td>\n      <td>71.7425</td>\n      <td>43048</td>\n    </tr>\n    <tr>\n      <th>4</th>\n      <td>2023-11-13 10:00:00</td>\n      <td>71.7425</td>\n      <td>71.7800</td>\n      <td>71.7425</td>\n      <td>71.7775</td>\n      <td>45863</td>\n    </tr>\n    <tr>\n      <th>5</th>\n      <td>2023-11-13 10:15:00</td>\n      <td>71.7750</td>\n      <td>71.8225</td>\n      <td>71.7700</td>\n      <td>71.8150</td>\n      <td>42460</td>\n    </tr>\n    <tr>\n      <th>6</th>\n      <td>2023-11-13 10:30:00</td>\n      <td>71.8150</td>\n      <td>71.8300</td>\n      <td>71.7775</td>\n      <td>71.7800</td>\n      <td>62403</td>\n    </tr>\n    <tr>\n      <th>7</th>\n      <td>2023-11-13 10:45:00</td>\n      <td>71.7750</td>\n      <td>71.7875</td>\n      <td>71.7475</td>\n      <td>71.7525</td>\n      <td>34090</td>\n    </tr>\n    <tr>\n      <th>8</th>\n      <td>2023-11-13 11:00:00</td>\n      <td>71.7525</td>\n      <td>71.7825</td>\n      <td>71.7475</td>\n      <td>71.7625</td>\n      <td>39320</td>\n    </tr>\n    <tr>\n      <th>9</th>\n      <td>2023-11-13 11:15:00</td>\n      <td>71.7625</td>\n      <td>71.7925</td>\n      <td>71.7600</td>\n      <td>71.7875</td>\n      <td>20190</td>\n    </tr>\n  </tbody>\n</table>\n</div>"},"metadata":{}}]},{"metadata":{"trusted":true},"cell_type":"code","source":"df.reindex(columns=[\n    'volume', \n    'close', \n    'timestamp', \n    'high', \n    'open', \n    'low'\n])","execution_count":69,"outputs":[{"output_type":"execute_result","execution_count":69,"data":{"text/plain":"   volume    close           timestamp     high     open      low\n0  219512  71.7925 2023-11-13 09:00:00  71.8450  71.8075  71.7775\n1   59252  71.7925 2023-11-13 09:15:00  71.8000  71.7925  71.7800\n2   57187  71.7625 2023-11-13 09:30:00  71.8125  71.7925  71.7600\n3   43048  71.7425 2023-11-13 09:45:00  71.7650  71.7600  71.7350\n4   45863  71.7775 2023-11-13 10:00:00  71.7800  71.7425  71.7425\n5   42460  71.8150 2023-11-13 10:15:00  71.8225  71.7750  71.7700\n6   62403  71.7800 2023-11-13 10:30:00  71.8300  71.8150  71.7775\n7   34090  71.7525 2023-11-13 10:45:00  71.7875  71.7750  71.7475\n8   39320  71.7625 2023-11-13 11:00:00  71.7825  71.7525  71.7475\n9   20190  71.7875 2023-11-13 11:15:00  71.7925  71.7625  71.7600","text/html":"<div>\n<style scoped>\n    .dataframe tbody tr th:only-of-type {\n        vertical-align: middle;\n    }\n\n    .dataframe tbody tr th {\n        vertical-align: top;\n    }\n\n    .dataframe thead th {\n        text-align: right;\n    }\n</style>\n<table border=\"1\" class=\"dataframe\">\n  <thead>\n    <tr style=\"text-align: right;\">\n      <th></th>\n      <th>volume</th>\n      <th>close</th>\n      <th>timestamp</th>\n      <th>high</th>\n      <th>open</th>\n      <th>low</th>\n    </tr>\n  </thead>\n  <tbody>\n    <tr>\n      <th>0</th>\n      <td>219512</td>\n      <td>71.7925</td>\n      <td>2023-11-13 09:00:00</td>\n      <td>71.8450</td>\n      <td>